0: 930  5       0.623439
1: 974  14      0.484838
2: 568  53      0.286237
3: 734  16      0.266193
4: 774  59      0.258306
5: 558  47      0.197400
6: 300  37      0.193744
7: 780  56      0.191695
8: 640  46      0.159643
9: 468  25      0.133950
10: 270 8       0.091702
11: 83  30      0.047110
12: 76  34      0.044970
13: 200 19      0.042408
14: 75  18      0.040164
15: 238 17      0.039170
16: 72  36      0.036933
17: 77  2       0.036832
18: 95  27      0.034009
19: 61  42      0.030570
20: 69  57      0.030056
21: 110 11      0.028895
22: 91  29      0.028749
23: 56  13      0.028147
24: 82  28      0.026371
25: 85  44      0.026053
26: 67  4       0.022270
27: 63  41      0.021574
28: 65  39      0.020757
29: 63  22      0.018423
30: 47  21      0.017466
31: 52  43      0.015565
32: 47  49      0.015276
33: 33  9       0.015229
34: 55  35      0.014474
35: 51  20      0.013526
36: 72  26      0.013170
37: 47  15      0.012957
38: 53  48      0.011434
39: 29  45      0.010469
40: 22  60      0.008635
41: 21  12      0.007861
42: 39  40      0.007339
43: 27  31      0.006080
44: 31  58      0.005994
45: 25  50      0.005480
46: 13  10      0.004230
47: 6   3       0.003180
48: 7   23      0.003019
49: 6   24      0.003013
50: 6   7       0.002540
51: 13  32      0.002451
52: 6   33      0.001967
53: 6   52      0.001844
54: 6   54      0.001651
55: 6   38      0.001310
56: 3   6       0.001040
57: 2   1       0.000824
58: 3   51      0.000814
59: 2   55      0.000462
